#DO NOT MODIFY THIS FILE
# HX HY JX JA LP LD VS VO WC TCX TCY TTX TTY TBX TBY TRX TRY TS1 TS2 TS3 TS4 MA1 MA2 MA3 pressure lower_rest_displacement upper_rest_displacement f0
# d_rest: .05/0.15 /b/ /d/, 0.25mm /g/, .15 for the rest
_
1.0 -4.75 0.0 -2.0 -0.07 0.0 0.0 -0.1 0.0 -0.4 -1.46 5.0 -0.5 2.0 0.5 0.0 0.0 0.0 0.06 0.15 0.15 -0.05 -0.05 -0.05 0.0 0.0001 0.0001 120.0
a
0.3296 -4.2577 0.0 -4.3032 0.0994 0.8095 1.0 -0.1 0.0 -0.1154 -2.0006 4.2957 -1.3323 3.0737 -0.3857 -2.8066 -2.9354 1.336 -0.176 0.638 0.1 -0.05 -0.05 -0.05 1000.0 0.00015 0.00015 120.0
e
0.44 -4.0949 -0.1 -2.6336 -0.1571 0.7513 0.4073 -0.1 0.0 2.5611 -0.836 4.6531 -0.954 4.0 0.3971 -0.2859 -0.986 1.288 0.364 0.084 0.05 -0.05 -0.05 -0.05 1000.0 0.00015 0.00015 120.0
i
0.858 -5.2436 -0.2 -1.8808 -0.091 0.6751 0.1438 -0.1 0.0 2.5295 -0.5805 4.6333 -0.8665 3.9 0.646 -0.17 -0.7805 1.316 0.044 -0.165 -0.374 -0.05 -0.05 -0.05 1000.0 0.00015 0.00015 120.0
o
0.5314 -5.1526 0.0 -6.2288 0.7435 0.1846 0.503 -0.01 0.0 -0.1834 -1.0274 2.4269 -1.1931 2.0194 0.1551 -1.3385 -2.6564 0.556 -0.392 0.0 0.05 -0.05 -0.05 -0.05 1000.0 0.00015 0.00015 120.0
u
1.0 -5.6308 0.0 -4.0217 1.0 0.2233 0.5847 -0.1 0.0 0.6343 -0.9421 2.7891 -0.694 2.4431 0.3572 -1.3615 -2.8154 1.4 0.212 0.078 -0.05 -0.05 -0.05 -0.05 1000.0 0.00015 0.00015 120.0
E:
0.2855 -3.8773 0.0 -4.4288 -0.0779 0.9028 0.7254 -0.1 0.0 1.5777 -1.2765 4.6663 -1.4092 3.3823 0.4576 -1.399 -1.4265 1.116 0.28 0.28 -0.172 -0.05 -0.05 -0.05 1000.0 0.00015 0.00015 120.0
y
0.3687 -4.7996 0.0 -4.0264 0.95 0.2213 0.0 -0.1 0.0 2.5619 -0.6172 4.5371 -1.0007 4.0 0.6917 -0.8435 -1.2999 1.376 -0.004 0.128 -0.066 -0.05 -0.05 -0.05 1000.0 0.00015 0.00015 120.0
A
0.0 -4.1194 -0.1 -4.4544 0.158 0.8384 1.0 -0.1 0.0 0.3641 -1.7675 4.4351 -1.4577 2.3297 -0.2184 -2.6108 -2.0473 0.984 0.164 0.41 0.102 -0.05 -0.05 -0.05 1000.0 0.00015 0.00015 120.0
I
0.5894 -5.2554 -0.05 -3.0982 -0.0144 0.6779 0.5438 -0.1 0.0 1.8501 -1.6542 4.6082 -0.9248 3.1525 0.4213 -0.7903 -2.0108 1.144 1.192 0.844 -0.032 -0.05 -0.05 -0.05 1000.0 0.00015 0.00015 120.0
E
0.1217 -4.4025 0.0 -4.4901 0.0897 0.8476 0.7073 -0.1 0.0 1.2643 -2.2279 4.6082 -1.2313 2.6195 0.1015 -1.3089 -2.4666 0.746 0.612 1.04 0.108 -0.05 -0.05 -0.05 1000.0 0.00015 0.00015 120.0
O
0.3071 -4.9757 0.0 -5.0457 0.4382 0.4659 0.8572 -0.1 0.0 -0.4054 -1.7616 4.0087 -1.7642 2.4237 -1.4012 -2.6474 -3.1367 -0.168 0.42 0.252 0.274 -0.05 -0.05 -0.05 1000.0 0.00015 0.00015 120.0
U
0.5906 -4.6291 -0.05 -4.4199 0.5426 0.2301 0.83 -0.1 0.0 0.3774 -1.0846 4.6549 -1.2545 2.876 -0.7049 -2.6489 -1.1346 0.028 -0.022 0.616 -0.006 -0.05 -0.05 -0.05 1000.0 0.00015 0.00015 120.0
Y
0.2806 -6.0 0.0 -5.0351 0.6673 0.3368 0.1302 -0.1 0.0 0.4509 -1.9506 4.8183 -1.2812 2.7057 -0.6178 -1.6015 -3.6432 0.874 0.022 0.424 0.314 -0.05 -0.05 -0.05 1000.0 0.00015 0.00015 120.0
@
0.6259 -4.8156 0.0 -4.6286 0.1203 0.6552 0.5709 -0.1 0.0 1.3037 -1.9642 4.8069 -1.019 3.3425 -0.3516 -1.7212 -1.9642 0.752 0.696 0.9 0.256 -0.05 -0.05 -0.05 1000.0 0.00015 0.00015 120.0
@6
0.0458 -4.9823 0.0 -4.7772 0.1224 0.8423 0.7618 -0.1 0.0 0.2609 -2.074 4.2752 -1.6043 2.5629 -0.9513 -2.2811 -2.667 0.28 0.672 0.84 0.416 -0.05 -0.05 -0.05 1000.0 0.00015 0.00015 120.0
a-raw
0.0959 -4.4762 0.0 -4.3032 0.1994 0.7095 1.0 -0.1 0.0 0.3715 -1.6735 4.3927 -1.1404 2.6563 -0.5311 -2.2483 -2.3437 1.036 0.224 0.588 0.0 0.0 0.0 0.0 1000.0 0.00015 0.00015 120.0
i-raw
0.9913 -5.0436 0.0 -1.8308 0.059 0.6251 0.5438 -0.1 0.0 2.5545 -0.4805 4.7833 -0.6915 4.0 0.621 -0.07 -0.5201 1.316 -0.056 -0.14 -0.224 0.0 0.0 0.0 1000.0 0.00015 0.00015 120.0
u-raw
0.9888 -5.2308 0.0 -3.8717 0.9217 0.2733 0.5847 -0.1 0.0 0.5343 -0.9171 3.1891 -0.444 2.6431 0.5572 -0.9615 -2.6154 1.372 0.112 0.028 0.0 0.0 0.0 0.0 1000.0 0.00015 0.00015 120.0
ma
0.0 -5.3495 -0.0729 -3.3935 0.1994 -0.7867 1.0 0.5 0.0 -0.0273 -1.9874 4.2867 -0.7069 2.0087 0.2243 -3.1057 -2.3408 0.53 0.396 0.498 0.106 -0.05 -0.05 -0.05 1000.0 0.00015 0.00015 120.0
mi
1.0 -5.5822 -0.1 -3.283 0.2279 -0.7714 0.14 0.5 0.0 2.4657 -0.6524 4.8283 -0.7003 4.0 0.5278 -0.4386 -1.2047 0.916 -0.156 -0.165 -0.124 -0.05 -0.05 -0.05 1000.0 0.00015 0.00015 120.0
mu
1.0 -6.0 0.0 -2.5418 1.0 -0.1 0.58 0.5 0.0 0.4874 -1.2636 3.0621 -0.5414 2.1178 0.6467 -1.5506 -1.8384 0.636 -0.046 -0.022 -0.35 -0.05 -0.05 -0.05 1000.0 0.00015 0.00015 120.0
ba
0.0 -5.3495 -0.0729 -3.3935 0.1994 -0.7867 1.0 -0.1 0.0 -0.0599 -1.8253 4.2867 -0.7069 2.0087 0.2243 -3.1057 -2.3408 0.53 0.396 0.498 0.106 -0.05 -0.05 -0.05 1000.0 0.0001 0.0001 120.0
bi
1.0 -5.5822 -0.1 -3.283 0.2279 -0.7714 0.0 -0.1 0.0 2.5092 -0.5784 4.8283 -0.7003 4.0 0.5278 -0.4386 -1.2047 0.916 -0.156 -0.165 -0.124 -0.05 -0.05 -0.05 1000.0 0.0001 0.0001 120.0
bu
1.0 -6.0 0.0 -2.5418 1.0 -0.1 0.51 -0.1 0.0 0.3098 -0.9375 3.0621 -0.5414 2.1178 0.6467 -1.5506 -1.8384 0.636 -0.046 -0.022 -0.35 -0.05 -0.05 -0.05 1000.0 0.0001 0.0001 120.0
va
0.1839 -5.1383 -0.2668 -1.2325 0.1556 0.3849 0.4686 -0.1 0.0 0.2771 -2.3153 3.7752 -1.3097 2.5573 -0.4175 -2.1263 -2.7997 0.56 0.056 -0.196 -0.532 -0.05 -0.05 0.15 1000.0 0.00015 0.00015 120.0
vi
0.7063 -4.9894 -0.1149 -0.4704 0.0719 0.6197 0.4686 -0.1 0.0 1.7576 -1.1004 4.1731 -1.07 3.6262 0.4643 -0.9454 -1.5694 0.56 0.056 -0.196 -0.532 -0.05 -0.05 0.15 1000.0 0.00015 0.00015 120.0
vu
0.8302 -5.4582 -0.2359 -0.4795 0.6561 0.3849 0.5205 -0.1 0.0 0.5475 -1.0856 2.9743 -0.9106 2.1526 0.1301 -0.9384 -2.575 0.56 0.056 -0.196 -0.532 -0.05 -0.05 0.15 1000.0 0.00015 0.00015 120.0
na
0.2 -5.129 -0.1891 -4.0781 -0.0072 0.6528 1.0 0.5 0.0 0.6303 -1.9776 5.2478 0.4491 1.4927 0.7059 -2.5571 -2.8149 -0.372 0.29 0.676 -0.194 -0.05 -0.05 -0.05 1000.0 0.00015 0.00015 120.0
ni
1.0 -5.7875 0.0 -3.3813 0.0759 0.4995 0.14 0.5 0.0 2.3371 -0.6524 5.0088 -0.2 3.63 0.8926 -0.1541 -0.7539 0.858 -0.08 0.0 0.05 -0.05 -0.05 -0.05 1000.0 0.00015 0.00015 120.0
nu
1.0 -5.3892 0.0 -2.0155 0.4684 0.1822 0.58 0.5 0.0 1.2916 -1.0385 5.5 0.571 2.836 1.0707 -1.3414 -1.7247 0.124 0.0 0.062 0.08 -0.05 -0.05 -0.05 1000.0 0.00015 0.00015 120.0
da
0.2 -5.129 -0.1891 -4.0781 -0.0072 0.6528 1.0 -0.1 0.0 0.6303 -1.9776 5.2478 0.4491 1.4927 0.7059 -2.5571 -2.8149 -0.372 0.29 0.676 -0.194 -0.05 -0.05 -0.05 1000.0 0.00005 0.00005 120.0
di
1.0 -5.7875 0.0 -3.3813 0.0759 0.4995 0.0 -0.1 0.0 2.3715 -0.5732 5.0088 -0.2 3.63 0.8926 -0.1541 -0.7539 0.858 -0.08 0.0 0.05 -0.05 -0.05 -0.05 1000.0 0.00005 0.00005 120.0
du
1.0 -5.3892 0.0 -2.0155 0.4684 0.1822 0.0 -0.1 0.0 1.1868 -0.8652 5.5 0.571 2.836 1.0707 -1.3414 -1.7247 0.124 0.0 0.062 0.084 -0.05 -0.05 -0.05 1000.0 0.00005 0.00005 120.0
la
0.1333 -4.9139 0.0 -5.2113 0.1225 1.0706 0.8989 -0.1 0.0 1.2418 -2.0588 4.6462 -0.1669 2.8418 0.4917 -2.7621 -2.1088 0.2 0.272 0.508 -0.908 -0.05 0.3 -0.05 1000.0 0.00015 0.00015 120.0
li
0.774 -5.814 0.0 -4.3682 0.131 0.9068 0.0 -0.1 0.0 2.744 -1.008 4.7651 -0.4897 3.975 0.458 -1.3418 -1.208 0.792 -0.092 0.05 -1.058 -0.05 0.297 -0.05 1000.0 0.00015 0.00015 120.0
lu
0.9 -5.4258 0.0 -2.938 0.6395 0.3091 0.0 -0.1 0.0 0.6385 -0.8857 4.2478 0.2618 2.4703 0.8341 -1.0808 -2.3154 0.05 0.0 -0.458 -1.058 -0.05 0.3 -0.05 1000.0 0.00015 0.00015 120.0
za
0.1253 -4.5949 0.0 -3.5812 0.1226 0.3436 1.0 -0.1 0.0 -0.0633 -2.0029 4.74 -0.3463 2.0519 0.0436 -2.455 -3.0826 0.0 0.06 0.476 0.15 -0.05 0.15 0.15 1000.0 0.00015 0.00015 120.0
zi
1.0 -5.0815 0.0 -2.8332 0.1543 0.3963 0.2605 -0.1 0.0 1.8778 -0.7938 4.7315 -0.5099 3.1414 1.279 -0.7355 -1.4696 0.0 0.0 0.0 0.0 -0.05 0.15 0.15 1000.0 0.00015 0.00015 120.0
zu
1.0 -5.3086 0.0 -3.6815 0.5713 0.3849 0.0 -0.1 0.0 0.7988 -0.9216 4.7741 -0.3963 3.2407 0.3136 -0.9292 -2.3662 0.0 0.0 0.0 0.0 -0.05 0.15 0.15 1000.0 0.00015 0.00015 120.0
j\a
0.2227 -4.2135 0.0 -3.1782 0.0594 0.6482 0.8622 -0.1 0.0 2.1352 -0.7816 4.4467 -0.4249 3.348 1.6439 -0.7494 -1.2556 0.0 0.0 0.0 0.0 0.15 0.15 -0.05 1000.0 0.00015 0.00015 120.0
j\i
0.8111 -4.2202 0.0 -3.1782 0.1084 0.5668 0.6687 -0.1 0.0 2.1352 -0.7816 4.4467 -0.4249 3.348 1.6439 -1.2532 -1.2556 0.0 0.0 0.0 0.0 0.15 0.15 -0.05 1000.0 0.00015 0.00015 120.0
j\u
0.9488 -4.6642 0.0 -3.8225 0.4924 0.3814 0.6687 -0.1 0.0 2.1352 -0.7816 4.4467 -0.4249 3.348 1.6439 -0.965 -1.2556 0.0 0.0 0.0 0.0 0.15 0.15 -0.05 1000.0 0.00015 0.00015 120.0
ga
0.2667 -5.0048 0.0 -4.8123 0.0196 0.7585 0.5134 -0.1 0.0 0.7989 0.1 4.0017 -0.8766 2.9397 1.3989 -1.89 -2.6519 -0.456 -0.028 0.026 -0.218 -0.05 -0.05 -0.05 1000.0 0.00015 0.00015 120.0
gi
1.0 -5.7237 -0.2414 -3.5429 -0.0163 0.5396 0.4312 -0.1 0.0 2.0098 -0.25 4.6222 -0.9492 3.8179 0.9096 -0.434 -0.4032 0.2902 0.0217 0.1379 0.0367 -0.05 -0.05 -0.05 1000.0 0.00015 0.00015 120.0
gu
1.0 -6.0 -0.4 -4.2004 0.7697 0.3238 0.2683 -0.1 0.0 0.9005 -0.58 4.0521 -0.3413 3.3365 1.2431 -1.5989 -0.822 -0.1628 -0.4066 0.3521 0.3833 -0.05 -0.05 -0.05 1000.0 0.00015 0.00015 120.0